image_width: 1080
image_height: 1080
camera_name: narrow_stereo
camera_matrix:
  rows: 3
  cols: 3
  data: [1119.349286, 0.000000, 511.558442, 0.000000, 1127.066839, 594.433683, 0.000000, 0.000000, 1.000000]
distortion_model: plumb_bob
distortion_coefficients:
  rows: 1
  cols: 5
  data: [0.140643, -0.059425, 0.024075, -0.010748, 0.000000]
rectification_matrix:
  rows: 3
  cols: 3
  data: [1.000000, 0.000000, 0.000000, 0.000000, 1.000000, 0.000000, 0.000000, 0.000000, 1.000000]
projection_matrix:
  rows: 3
  cols: 4
  data: [1186.269165, 0.000000, 503.249282, 0.000000, 0.000000, 1179.155151, 612.612237, 0.000000, 0.000000, 0.000000, 1.000000, 0.000000]
