%YAML:1.0
---
K: !!opencv-matrix
   rows: 3
   cols: 3
   dt: d
   data: [ 1.7767719570367944e+03, 0., 1.2861502716590785e+03, 0.,
       1.7773348626567772e+03, 7.9915707481595132e+02, 0., 0., 1. ]
D: !!opencv-matrix
   rows: 1
   cols: 5
   dt: d
   data: [ -5.0088592090126116e-02, 3.1073801007207291e-01,
       8.2637883079940428e-03, 2.1969486195023489e-03,
       -6.5173280837269665e-01 ]
