image_width: 1024
image_height: 760
camera_name: narrow_stereo
camera_matrix:
  rows: 3
  cols: 3
  data: [736.264105, 0.000000, 514.932977, 0.000000, 736.278241, 388.751849, 0.000000, 0.000000, 1.000000]
distortion_model: plumb_bob
distortion_coefficients:
  rows: 1
  cols: 5
  data: [0.086798, -0.140420, 0.005982, 0.009479, 0.000000]
rectification_matrix:
  rows: 3
  cols: 3
  data: [1.000000, 0.000000, 0.000000, 0.000000, 1.000000, 0.000000, 0.000000, 0.000000, 1.000000]
projection_matrix:
  rows: 3
  cols: 4
  data: [742.236877, 0.000000, 525.087407, 0.000000, 0.000000, 749.148010, 392.314389, 0.000000, 0.000000, 0.000000, 1.000000, 0.000000]
